{
 "cells": [
  {
   "cell_type": "markdown",
   "metadata": {},
   "source": [
    "# We recreate the cases where Extended Kalman Filter diverges, and explain why it diverge."
   ]
  },
  {
   "cell_type": "code",
   "execution_count": 50,
   "metadata": {},
   "outputs": [
    {
     "name": "stdout",
     "output_type": "stream",
     "text": [
      "The autoreload extension is already loaded. To reload it, use:\n",
      "  %reload_ext autoreload\n"
     ]
    }
   ],
   "source": [
    "\n",
    "%matplotlib inline\n",
    "import numpy as np\n",
    "from scipy import special\n",
    "from matplotlib import pyplot as plt\n",
    "from matplotlib import animation, rc\n",
    "from IPython.display import HTML\n",
    "\n",
    "import pickle as pkl\n",
    "import networkx as nx\n",
    "from matplotlib import style\n",
    "import jax.numpy as jnp\n",
    "from jax import jacfwd, jit,grad\n",
    "from functools import partial\n",
    "\n",
    "\n",
    "from Robot import Robot\n",
    "from virtual_sensor import virtual_sensor\n",
    "from utils.DynamicFilters import getDynamicFilter,joint_meas_func\n",
    "from utils.FIMPathPlanning import FIM_ascent_path_planning \n",
    "from utils.dLdp import FIM,FIM_mix,analytic_dLdp,analytic_dhdz\n",
    "from utils.regions import CircleExterior\n",
    "from tracking_log import logger\n",
    "\n",
    "\n",
    "\n",
    "%load_ext autoreload\n",
    "%autoreload 2"
   ]
  },
  {
   "cell_type": "code",
   "execution_count": 61,
   "metadata": {},
   "outputs": [],
   "source": [
    "class DistributedEKF:\n",
    "    \"\"\"\n",
    "        The distributed version of Extended Kalman Filter, used by a single robot to estimate the source location from the information shared by its local teammates via comm.\n",
    "        \n",
    "        The major difference of this estimator from the conventional EKF is that the measurement function may be changing in time, so are the dimensions of y_t and p_t, due to \n",
    "        the change in the group of local teammates, as a result of changing comm. network topology.\n",
    "        \n",
    "        The estimator assumes a constant-velocity source movement model, with the velocity to be the fundamental uncertainty.\n",
    "    \"\"\"\n",
    "    def __init__(self,q_0,R_mag=1,Q_mag=1):\n",
    "        '''\n",
    "        q_0 should be a vector, the initial guess of source position.\n",
    "        \n",
    "        R_mag,Q_mag should be scalars.\n",
    "        '''\n",
    "        \n",
    "        self.q = q_0 # Mean\n",
    "        self.qdot = np.zeros(self.q.shape) # Velocity Mean\n",
    "        \n",
    "        self.z = np.hstack([self.q,self.qdot]) # The source state\n",
    "        \n",
    "        \n",
    "        self.qdim = len(self.q)\n",
    "        \n",
    "        self.P = np.eye(len(self.z)) # Covariance of [q,qdot]. Initialized to be the identity matrix\n",
    "        \n",
    "        self.R_mag = R_mag \n",
    "        self.Q_mag = Q_mag\n",
    "        self._K = 0\n",
    "        self._C=0\n",
    "        self._yhat = 0\n",
    "    \n",
    "    def dfdz(self,z):\n",
    "        n = len(z)//2\n",
    "        O =np.zeros((n,n))\n",
    "        I=np.eye(n)\n",
    "        return np.vstack([np.hstack([I,I]),np.hstack([O,I])])\n",
    "\n",
    "    def f(self,z):\n",
    "        \"\"\"\n",
    "            The constant velocity model.\n",
    "        \"\"\"\n",
    "        A = self.dfdz(z)\n",
    "        \n",
    "        return A.dot(z)\n",
    "    def update(self,h,dhdz,y,p):\n",
    "        \"\"\"\n",
    "        h is a function handle h(z,p), the measurement function that maps z,p to y.\n",
    "        dhdz(z,p) is its derivative function handle.\n",
    "        \n",
    "        y is the actual measurement value, subject to measurement noise.\n",
    "        \n",
    "        p is the positions of the robots.\n",
    "        \"\"\"\n",
    "        A = self.dfdz(self.z)\n",
    "        C = dhdz(self.z,p)\n",
    "        R = self.R_mag*np.eye(len(y))\n",
    "        Q = self.Q_mag*np.eye(len(self.z))\n",
    "        \n",
    "        # The Kalman Gain\n",
    "        K = A.dot(self.P).dot(C.T).dot(    np.linalg.inv(C.dot(self.P).dot(C.T)+R)      )\n",
    "        self._K=K\n",
    "        self._C=C\n",
    "\n",
    "        # Mean and covariance update\n",
    "        self._yhat = h(self.z,p)\n",
    "        self.z = self.f(self.z)+K.dot(y-h(self.z,p))\n",
    "        \n",
    "        print(\"K..\",K.dot(C.dot(self.P).dot(C.T)+R).dot(K.T))\n",
    "        print('APA^T',A.dot(self.P).dot(A.T))\n",
    "        print('Q',Q)\n",
    "        print('P prior',self.P)\n",
    "        self.P = A.dot(self.P).dot(A.T)+ Q- K.dot(C.dot(self.P).dot(C.T)+R).dot(K.T)\n",
    "        print('P post',self.P)\n",
    "        print('-------------------')\n",
    "    def update_and_estimate_loc(self,h,dhdz,y,p):\n",
    "        if not np.any(y == np.inf):\n",
    "            self.update(h,dhdz,y,p)\n",
    "\n",
    "        return self.z[:len(self.q)]\n",
    "\n",
    "    \n",
    "        \n",
    "        "
   ]
  },
  {
   "cell_type": "code",
   "execution_count": 6,
   "metadata": {},
   "outputs": [],
   "source": [
    "def fc_comm_network(i,qs,ps):\n",
    "    \"\"\"\n",
    "        Given the iteration number i, source location qs, sensor location ps,\n",
    "        return the current communication network G.\n",
    "        \n",
    "        This variation returns a fully connected network with number of nodes=len(ps),\n",
    "        without self-loops.\n",
    "    \"\"\"\n",
    "    A = np.ones([len(ps),len(ps)])-np.eye(len(ps))\n",
    "    return nx.from_numpy_matrix(A,create_using=nx.DiGraph)"
   ]
  },
  {
   "cell_type": "code",
   "execution_count": 7,
   "metadata": {},
   "outputs": [],
   "source": [
    "def circulant(i,q,p,prev,post,undirected=False):\n",
    "    \"\"\"\n",
    "        Generate a circulant graph with len(p) nodes, node i connected with [i-prev:i+post],i-prev and i+post included but self-loop eliminated.\n",
    "    \"\"\"\n",
    "    n = len(p)\n",
    "    G = nx.DiGraph()\n",
    "    edges = [(j%n,i) for i in range(n) for j in range(i-prev,i+post+1)]\n",
    "    G.add_edges_from(edges)\n",
    "    G.remove_edges_from(nx.selfloop_edges(G))\n",
    "    if undirected:\n",
    "        G = G.to_undirected()\n",
    "    return G\n",
    "    "
   ]
  },
  {
   "cell_type": "code",
   "execution_count": 8,
   "metadata": {},
   "outputs": [],
   "source": [
    "def fixed_size_network(i,qs,ps,group_sizes):\n",
    "    \"\"\"\n",
    "        Given the iteration number i, source location qs, sensor location ps,\n",
    "        return the current communication network G.\n",
    "        \n",
    "        Return a disconnected graph with the specified list of group sizes. \n",
    "    \"\"\"\n",
    "    n=len(ps)\n",
    "    assert(n==np.sum(group_sizes))\n",
    "    components = [nx.complete_graph(s) for s in group_sizes]\n",
    "    network = nx.disjoint_union_all(components)\n",
    "    return nx.to_directed(network)"
   ]
  },
  {
   "cell_type": "code",
   "execution_count": 67,
   "metadata": {},
   "outputs": [],
   "source": [
    "def main(initial_locs,comm_network_generator,N_iter):\n",
    "    \"\"\"\n",
    "    Note: \n",
    "    comm_network_generator(i,qs,ps) is the expected signature of the second argument.\n",
    "    \n",
    "        Given the iteration number i, source location qs, sensor location ps,\n",
    "        comm_network_generator return the current communication network G.\n",
    "        \n",
    "    \"\"\"\n",
    "    # Set up mobile sensors and sources\n",
    "    sensor_names = [\"mobile_sensor_{}\".format(i+1) for i in range(len(initial_locs))]\n",
    "    mobile_sensors = [Robot(loc,name) for loc,name in zip(initial_locs,sensor_names)]\n",
    "\n",
    "    src_locs = [[8.,8]]\n",
    "    src_names = [\"source_{}\".format(i+1) for i in range(len(src_locs))]\n",
    "    source = [Robot(loc,name) for loc,name in zip(src_locs,src_names)]\n",
    "\n",
    "    # Set up virtual sensors\n",
    "    C1=0\n",
    "    C0=0\n",
    "    k=1\n",
    "    b=-2\n",
    "    std = 0.1\n",
    "    vs = virtual_sensor(C1,C0,b,k,std)\n",
    "\n",
    "    # Set up location estimator\n",
    "    n_sen = len(mobile_sensors)\n",
    "    n_src = len(source)\n",
    "\n",
    "    C1s=C1*np.ones(n_sen)\n",
    "    C0s = C0*np.ones(n_sen)\n",
    "    ks = k * np.ones(n_sen)\n",
    "    bs = b*np.ones(n_sen)\n",
    "    \n",
    "#     q_0 = np.random.rand(len(mobile_sensors),2)*10\n",
    "    \n",
    "    \n",
    "    q_0 = np.array([[6.,6.0] for _ in range(len(sensor_names))])\n",
    "\n",
    "    estimators = [DistributedEKF(q,R_mag=0.1,Q_mag=0.1)  for q in q_0]\n",
    "\n",
    "    # Set up data logger\n",
    "    log = logger(sensor_names,src_names)\n",
    "    log.est_locs_log =dict({\"Est {}\".format(sensor):[] for sensor in sensor_names})\n",
    "    \n",
    "    # Assume fixed topology, pre-set the measurement model and waypoint planner(expensive to be created in the main loop)\n",
    "    ps = np.array([r.loc for r in mobile_sensors])\n",
    "    qs = np.array([s.loc for s in source])\n",
    "    G = comm_network_generator(0,qs,ps)\n",
    "   \n",
    "    hs = []\n",
    "    dhdzs = []\n",
    "    f_dLdps = []\n",
    "    Ks = {m.name:[] for m in mobile_sensors}\n",
    "    Cs = {m.name:[] for m in mobile_sensors}\n",
    "    Ps = {m.name:[] for m in mobile_sensors}\n",
    "    ys = {m.name:[] for m in mobile_sensors}\n",
    "    yhats = {m.name:[] for m in mobile_sensors}\n",
    "    for i in G.nodes():\n",
    "        N_i = [i]+list(G[i])     \n",
    "       \n",
    "        C1s_i=C1s[N_i]\n",
    "        C0s_i = C0s[N_i]\n",
    "        ks_i = ks[N_i]\n",
    "        bs_i = bs[N_i]\n",
    "        h=partial(joint_meas_func,C1s_i,C0s_i,ks_i,bs_i)# Freeze the coefficients, the signature becomes h(z,ps)\n",
    "        dhdzs.append(partial(analytic_dhdz,C1s_i,C0s_i,ks_i,bs_i))\n",
    "        hs.append(h)\n",
    "        \n",
    "        f_dLdps.append(partial(analytic_dLdp,C1s=C1s_i,C0s=C0s_i,ks=ks_i,bs=bs_i))\n",
    "#         f_dLdps.append(dLdp(C1s=C1s_i,C0s=C0s_i,ks=ks_i,bs=bs_i))\n",
    "\n",
    "\n",
    "    \n",
    "    # Enter main loop\n",
    "\n",
    "    for _ in range(N_iter):\n",
    "        # Measure\n",
    "        ps = np.array([r.loc for r in mobile_sensors])\n",
    "        qs = np.array([s.loc for s in source])\n",
    "          \n",
    "        y = vs.measurement(qs,ps)\n",
    "\n",
    "        # Set up the current communication network.\n",
    "        G = comm_network_generator(_,qs,ps)\n",
    "        log.comm_network.append(G)\n",
    "  \n",
    "        # Record\n",
    "        for s in source:\n",
    "            log.src_locs[s.name].append(s.loc)\n",
    "\n",
    "\n",
    "\n",
    "        # Estimate, plan and move a step for each robot.\n",
    "        for i in G.nodes():\n",
    "            # Get all robots queriable in the comm. network, including i.\n",
    "            # Note: i's place within N_i is always at index 0\n",
    "            \n",
    "            \"\"\" The following line gets all the immediate neighbors rather than all ancestors, which is way this Notebook is prefixed with P2P(point to point)\"\"\"\n",
    "            if not i==0:\n",
    "                continue\n",
    "            N_i = [i]+list(G[i]) \n",
    "            print(N_i)\n",
    "            n_sen = len(N_i)\n",
    "\n",
    "            # Simulate query of information from other robots. \n",
    "            ps_i =ps[N_i]\n",
    "            y_i = y[N_i]\n",
    "            print('ps_i',ps_i)\n",
    "            print('y_i',y_i)\n",
    "\n",
    "            # Estimate\n",
    "            zhat = estimators[i].z\n",
    "            qhat=estimators[i].update_and_estimate_loc(hs[i],dhdzs[i],y_i,ps_i)\n",
    "\n",
    "#             # Set up waypoint planner\n",
    "#             f_dLdp=f_dLdps[i]\n",
    "            \n",
    "#             planning_timesteps = 1\n",
    "#             max_linear_speed = 0.22\n",
    "#             planning_dt = 1\n",
    "#             epsilon = 0.5\n",
    "#             hard_boundary = CircleExterior(qs[0],0.5)\n",
    "#             # The FIM waypoint planning  \n",
    "#             waypoints=FIM_ascent_path_planning(f_dLdp,qhat,ps_i,n_sen,\\\n",
    "#                             planning_timesteps,\\\n",
    "#                             max_linear_speed,\\\n",
    "#                             planning_dt,\\\n",
    "#                             epsilon,hard_boundary)\n",
    "\n",
    "            # Note: i's place within N_i is always at index 0\n",
    "            # Move to the 0th waypoint\n",
    "#             mobile_sensors[i].update_loc(waypoints[0][0])\n",
    "            m = mobile_sensors[i]\n",
    "\n",
    "            log.sensor_locs[m.name].append(m.loc)\n",
    "            log.est_locs_log[\"Est {}\".format(m.name)].append(zhat)\n",
    "            Ks[m.name].append(estimators[i]._K)\n",
    "            Cs[m.name].append(estimators[i]._C)\n",
    "            Ps[m.name].append(estimators[i].P)\n",
    "            ys[m.name].append(y_i)\n",
    "            yhats[m.name].append(estimators[i]._yhat)\n",
    "    out=log.export()\n",
    "    out['Ks']=Ks\n",
    "    out['Cs']=Cs\n",
    "    out['Ps']=Ps\n",
    "    out['ys']=ys\n",
    "    \n",
    "    out['yhats']=yhats\n",
    "    return out\n",
    "\n",
    "\n"
   ]
  },
  {
   "cell_type": "code",
   "execution_count": 68,
   "metadata": {},
   "outputs": [
    {
     "name": "stdout",
     "output_type": "stream",
     "text": [
      "[0, 2, 1]\n",
      "ps_i [[8.        8.5      ]\n",
      " [7.5669873 7.75     ]\n",
      " [8.4330127 7.75     ]]\n",
      "y_i [4.06026412 4.00869288 4.08295723]\n",
      "K.. [[0.11839122 0.12214728 0.         0.        ]\n",
      " [0.12214728 0.1310022  0.         0.        ]\n",
      " [0.         0.         0.         0.        ]\n",
      " [0.         0.         0.         0.        ]]\n",
      "APA^T [[2. 0. 1. 0.]\n",
      " [0. 2. 0. 1.]\n",
      " [1. 0. 1. 0.]\n",
      " [0. 1. 0. 1.]]\n",
      "Q [[0.1 0.  0.  0. ]\n",
      " [0.  0.1 0.  0. ]\n",
      " [0.  0.  0.1 0. ]\n",
      " [0.  0.  0.  0.1]]\n",
      "P prior [[1. 0. 0. 0.]\n",
      " [0. 1. 0. 0.]\n",
      " [0. 0. 1. 0.]\n",
      " [0. 0. 0. 1.]]\n",
      "P post [[ 1.98160878 -0.12214728  1.          0.        ]\n",
      " [-0.12214728  1.9689978   0.          1.        ]\n",
      " [ 1.          0.          1.1         0.        ]\n",
      " [ 0.          1.          0.          1.1       ]]\n",
      "-------------------\n",
      "[0, 2, 1]\n",
      "ps_i [[8.        8.5      ]\n",
      " [7.5669873 7.75     ]\n",
      " [8.4330127 7.75     ]]\n",
      "y_i [3.92846307 3.97102999 4.03496341]\n",
      "K.. [[0.01642117 0.01630687 0.00574217 0.00572862]\n",
      " [0.01630687 0.01656967 0.0057074  0.0058157 ]\n",
      " [0.00574217 0.0057074  0.002008   0.00200494]\n",
      " [0.00572862 0.0058157  0.00200494 0.0020413 ]]\n",
      "APA^T [[ 5.08160878 -0.12214728  2.1         0.        ]\n",
      " [-0.12214728  5.0689978   0.          2.1       ]\n",
      " [ 2.1         0.          1.1         0.        ]\n",
      " [ 0.          2.1         0.          1.1       ]]\n",
      "Q [[0.1 0.  0.  0. ]\n",
      " [0.  0.1 0.  0. ]\n",
      " [0.  0.  0.1 0. ]\n",
      " [0.  0.  0.  0.1]]\n",
      "P prior [[ 1.98160878 -0.12214728  1.          0.        ]\n",
      " [-0.12214728  1.9689978   0.          1.        ]\n",
      " [ 1.          0.          1.1         0.        ]\n",
      " [ 0.          1.          0.          1.1       ]]\n",
      "P post [[ 5.16518761e+00 -1.38454149e-01  2.09425783e+00 -5.72861888e-03]\n",
      " [-1.38454149e-01  5.15242814e+00 -5.70740165e-03  2.09418430e+00]\n",
      " [ 2.09425783e+00 -5.70740165e-03  1.19799200e+00 -2.00494364e-03]\n",
      " [-5.72861888e-03  2.09418430e+00 -2.00494364e-03  1.19795870e+00]]\n",
      "-------------------\n",
      "[0, 2, 1]\n",
      "ps_i [[8.        8.5      ]\n",
      " [7.5669873 7.75     ]\n",
      " [8.4330127 7.75     ]]\n",
      "y_i [3.9731885  4.08397333 4.11174209]\n",
      "K.. [[8.38769802 1.654414   2.42876459 0.51980925]\n",
      " [1.654414   7.6922999  0.51554344 2.23193407]\n",
      " [2.42876459 0.51554344 0.7034604  0.16106523]\n",
      " [0.51980925 2.23193407 0.16106523 0.64779652]]\n",
      "APA^T [[ 1.05516953e+01 -1.51895113e-01  3.29224983e+00 -7.73356253e-03]\n",
      " [-1.51895113e-01  1.05387554e+01 -7.71234530e-03  3.29214300e+00]\n",
      " [ 3.29224983e+00 -7.71234530e-03  1.19799200e+00 -2.00494364e-03]\n",
      " [-7.73356253e-03  3.29214300e+00 -2.00494364e-03  1.19795870e+00]]\n",
      "Q [[0.1 0.  0.  0. ]\n",
      " [0.  0.1 0.  0. ]\n",
      " [0.  0.  0.1 0. ]\n",
      " [0.  0.  0.  0.1]]\n",
      "P prior [[ 5.16518761e+00 -1.38454149e-01  2.09425783e+00 -5.72861888e-03]\n",
      " [-1.38454149e-01  5.15242814e+00 -5.70740165e-03  2.09418430e+00]\n",
      " [ 2.09425783e+00 -5.70740165e-03  1.19799200e+00 -2.00494364e-03]\n",
      " [-5.72861888e-03  2.09418430e+00 -2.00494364e-03  1.19795870e+00]]\n",
      "P post [[ 2.26399726 -1.80630912  0.86348524 -0.52754281]\n",
      " [-1.80630912  2.94645554 -0.52325578  1.06020893]\n",
      " [ 0.86348524 -0.52325578  0.5945316  -0.16307017]\n",
      " [-0.52754281  1.06020893 -0.16307017  0.65016219]]\n",
      "-------------------\n",
      "[0, 2, 1]\n",
      "ps_i [[8.        8.5      ]\n",
      " [7.5669873 7.75     ]\n",
      " [8.4330127 7.75     ]]\n",
      "y_i [3.88463598 4.0383143  3.91337705]\n",
      "K.. [[ 8.08862678e-05 -1.64751332e-04  1.68129888e-05 -4.43528475e-05]\n",
      " [-1.64751332e-04  3.35962923e-04 -3.42243719e-05  9.04546762e-05]\n",
      " [ 1.68129888e-05 -3.42243719e-05  3.49583996e-06 -9.21305389e-06]\n",
      " [-4.43528475e-05  9.04546762e-05 -9.21305389e-06  2.43542667e-05]]\n",
      "APA^T [[ 4.58549935 -3.02017788  1.45801685 -0.69061298]\n",
      " [-3.02017788  5.71703559 -0.68632595  1.71037112]\n",
      " [ 1.45801685 -0.68632595  0.5945316  -0.16307017]\n",
      " [-0.69061298  1.71037112 -0.16307017  0.65016219]]\n",
      "Q [[0.1 0.  0.  0. ]\n",
      " [0.  0.1 0.  0. ]\n",
      " [0.  0.  0.1 0. ]\n",
      " [0.  0.  0.  0.1]]\n",
      "P prior [[ 2.26399726 -1.80630912  0.86348524 -0.52754281]\n",
      " [-1.80630912  2.94645554 -0.52325578  1.06020893]\n",
      " [ 0.86348524 -0.52325578  0.5945316  -0.16307017]\n",
      " [-0.52754281  1.06020893 -0.16307017  0.65016219]]\n",
      "P post [[ 4.68541846 -3.02001313  1.45800004 -0.69056863]\n",
      " [-3.02001313  5.81669963 -0.68629173  1.71028067]\n",
      " [ 1.45800004 -0.68629173  0.69452811 -0.16306096]\n",
      " [-0.69056863  1.71028067 -0.16306096  0.75013783]]\n",
      "-------------------\n",
      "[0, 2, 1]\n",
      "ps_i [[8.        8.5      ]\n",
      " [7.5669873 7.75     ]\n",
      " [8.4330127 7.75     ]]\n",
      "y_i [4.0564428  4.29296197 4.00355849]\n",
      "K.. [[ 1.85155015e-05 -5.65381307e-05  2.73630304e-06 -1.31761307e-05]\n",
      " [-5.65381307e-05  1.73097399e-04 -8.33882292e-06  4.03453684e-05]\n",
      " [ 2.73630304e-06 -8.33882292e-06  4.04991029e-07 -1.94315827e-06]\n",
      " [-1.31761307e-05  4.03453684e-05 -1.94315827e-06  9.40371883e-06]]\n",
      "APA^T [[ 8.29594664 -4.55993445  2.15252814 -0.85362959]\n",
      " [-4.55993445  9.98739879 -0.84935269  2.4604185 ]\n",
      " [ 2.15252814 -0.84935269  0.69452811 -0.16306096]\n",
      " [-0.85362959  2.4604185  -0.16306096  0.75013783]]\n",
      "Q [[0.1 0.  0.  0. ]\n",
      " [0.  0.1 0.  0. ]\n",
      " [0.  0.  0.1 0. ]\n",
      " [0.  0.  0.  0.1]]\n",
      "P prior [[ 4.68541846 -3.02001313  1.45800004 -0.69056863]\n",
      " [-3.02001313  5.81669963 -0.68629173  1.71028067]\n",
      " [ 1.45800004 -0.68629173  0.69452811 -0.16306096]\n",
      " [-0.69056863  1.71028067 -0.16306096  0.75013783]]\n",
      "P post [[ 8.39592813 -4.55987791  2.15252541 -0.85361641]\n",
      " [-4.55987791 10.08722569 -0.84934435  2.46037815]\n",
      " [ 2.15252541 -0.84934435  0.7945277  -0.16305902]\n",
      " [-0.85361641  2.46037815 -0.16305902  0.85012843]]\n",
      "-------------------\n",
      "[0, 2, 1]\n",
      "ps_i [[8.        8.5      ]\n",
      " [7.5669873 7.75     ]\n",
      " [8.4330127 7.75     ]]\n",
      "y_i [3.96106215 3.90616745 4.09539283]\n",
      "K.. [[ 5.18016534e-06 -2.42128446e-05  4.95762262e-07 -4.88079505e-06]\n",
      " [-2.42128446e-05  1.13757232e-04 -2.30208567e-06  2.29341970e-05]\n",
      " [ 4.95762262e-07 -2.30208567e-06  4.78416896e-08 -4.63969383e-07]\n",
      " [-4.88079505e-06  2.29341970e-05 -4.63969383e-07  4.62370007e-06]]\n",
      "APA^T [[13.49550664 -6.42589769  2.94705311 -1.01667543]\n",
      " [-6.42589769 15.85811043 -1.01240336  3.31050658]\n",
      " [ 2.94705311 -1.01240336  0.7945277  -0.16305902]\n",
      " [-1.01667543  3.31050658 -0.16305902  0.85012843]]\n",
      "Q [[0.1 0.  0.  0. ]\n",
      " [0.  0.1 0.  0. ]\n",
      " [0.  0.  0.1 0. ]\n",
      " [0.  0.  0.  0.1]]\n",
      "P prior [[ 8.39592813 -4.55987791  2.15252541 -0.85361641]\n",
      " [-4.55987791 10.08722569 -0.84934435  2.46037815]\n",
      " [ 2.15252541 -0.84934435  0.7945277  -0.16305902]\n",
      " [-0.85361641  2.46037815 -0.16305902  0.85012843]]\n",
      "P post [[13.59550146 -6.42587347  2.94705261 -1.01667055]\n",
      " [-6.42587347 15.95799667 -1.01240106  3.31048365]\n",
      " [ 2.94705261 -1.01240106  0.89452766 -0.16305855]\n",
      " [-1.01667055  3.31048365 -0.16305855  0.95012381]]\n",
      "-------------------\n",
      "[0, 2, 1]\n",
      "ps_i [[8.        8.5      ]\n",
      " [7.5669873 7.75     ]\n",
      " [8.4330127 7.75     ]]\n",
      "y_i [3.9287534  3.8038131  4.01090473]\n",
      "K.. [[ 1.46986420e-06 -1.10985875e-05  5.68555694e-08 -1.96077889e-06]\n",
      " [-1.10985875e-05  8.47120042e-05 -4.11443556e-07  1.49683127e-05]\n",
      " [ 5.68555694e-08 -4.11443556e-07  2.54999276e-09 -7.26440790e-08]\n",
      " [-1.96077889e-06  1.49683127e-05 -7.26440790e-08  2.64485391e-06]]\n",
      "APA^T [[20.38413435 -8.61800363  3.84158027 -1.1797291 ]\n",
      " [-8.61800363 23.52908777 -1.17545961  4.26060745]\n",
      " [ 3.84158027 -1.17545961  0.89452766 -0.16305855]\n",
      " [-1.1797291   4.26060745 -0.16305855  0.95012381]]\n",
      "Q [[0.1 0.  0.  0. ]\n",
      " [0.  0.1 0.  0. ]\n",
      " [0.  0.  0.1 0. ]\n",
      " [0.  0.  0.  0.1]]\n",
      "P prior [[13.59550146 -6.42587347  2.94705261 -1.01667055]\n",
      " [-6.42587347 15.95799667 -1.01240106  3.31048365]\n",
      " [ 2.94705261 -1.01240106  0.89452766 -0.16305855]\n",
      " [-1.01667055  3.31048365 -0.16305855  0.95012381]]\n",
      "P post [[20.48413288 -8.61799253  3.84158021 -1.17972714]\n",
      " [-8.61799253 23.62900306 -1.1754592   4.26059248]\n",
      " [ 3.84158021 -1.1754592   0.99452765 -0.16305848]\n",
      " [-1.17972714  4.26059248 -0.16305848  1.05012116]]\n",
      "-------------------\n",
      "[0, 2, 1]\n",
      "ps_i [[8.        8.5      ]\n",
      " [7.5669873 7.75     ]\n",
      " [8.4330127 7.75     ]]\n",
      "y_i [3.88748678 4.01909887 3.86188148]\n",
      "K.. [[ 3.37281104e-07 -4.71584894e-06 -1.77256675e-08 -7.40440732e-07]\n",
      " [-4.71584894e-06  6.79751700e-05  2.79434440e-07  1.06750707e-05]\n",
      " [-1.77256675e-08  2.79434440e-07  1.42128679e-09  4.39086168e-08]\n",
      " [-7.40440732e-07  1.06750707e-05  4.39086168e-08  1.67645470e-06]]\n",
      "APA^T [[ 29.16182096 -11.13623735   4.83610787  -1.34278562]\n",
      " [-11.13623735  33.20030919  -1.33851768   5.31071365]\n",
      " [  4.83610787  -1.33851768   0.99452765  -0.16305848]\n",
      " [ -1.34278562   5.31071365  -0.16305848   1.05012116]]\n",
      "Q [[0.1 0.  0.  0. ]\n",
      " [0.  0.1 0.  0. ]\n",
      " [0.  0.  0.1 0. ]\n",
      " [0.  0.  0.  0.1]]\n",
      "P prior [[20.48413288 -8.61799253  3.84158021 -1.17972714]\n",
      " [-8.61799253 23.62900306 -1.1754592   4.26059248]\n",
      " [ 3.84158021 -1.1754592   0.99452765 -0.16305848]\n",
      " [-1.17972714  4.26059248 -0.16305848  1.05012116]]\n",
      "P post [[ 29.26182062 -11.13623264   4.83610788  -1.34278488]\n",
      " [-11.13623264  33.30024122  -1.33851796   5.31070297]\n",
      " [  4.83610788  -1.33851796   1.09452765  -0.16305852]\n",
      " [ -1.34278488   5.31070297  -0.16305852   1.15011948]]\n",
      "-------------------\n",
      "[0, 2, 1]\n",
      "ps_i [[8.        8.5      ]\n",
      " [7.5669873 7.75     ]\n",
      " [8.4330127 7.75     ]]\n",
      "y_i [3.83781503 4.01091803 3.88484598]\n",
      "K.. [[ 3.23991597e-08 -1.20876594e-06 -1.05492391e-08 -1.70709044e-07]\n",
      " [-1.20876594e-06  5.72835009e-05  5.47767962e-07  8.09397235e-06]\n",
      " [-1.05492391e-08  5.47767962e-07  5.38582583e-09  7.74103759e-08]\n",
      " [-1.70709044e-07  8.09397235e-06  7.74103759e-08  1.14365303e-06]]\n",
      "APA^T [[ 40.02856404 -13.980594     5.93063554  -1.5058434 ]\n",
      " [-13.980594    45.07176664  -1.50157648   6.46082245]\n",
      " [  5.93063554  -1.50157648   1.09452765  -0.16305852]\n",
      " [ -1.5058434    6.46082245  -0.16305852   1.15011948]]\n",
      "Q [[0.1 0.  0.  0. ]\n",
      " [0.  0.1 0.  0. ]\n",
      " [0.  0.  0.1 0. ]\n",
      " [0.  0.  0.  0.1]]\n",
      "P prior [[ 29.26182062 -11.13623264   4.83610788  -1.34278488]\n",
      " [-11.13623264  33.30024122  -1.33851796   5.31070297]\n",
      " [  4.83610788  -1.33851796   1.09452765  -0.16305852]\n",
      " [ -1.34278488   5.31070297  -0.16305852   1.15011948]]\n",
      "P post [[ 40.12856401 -13.98059279   5.93063555  -1.50584323]\n",
      " [-13.98059279  45.17170936  -1.50157703   6.46081436]\n",
      " [  5.93063555  -1.50157703   1.19452765  -0.1630586 ]\n",
      " [ -1.50584323   6.46081436  -0.1630586    1.25011834]]\n",
      "-------------------\n",
      "[0, 2, 1]\n",
      "ps_i [[8.        8.5      ]\n",
      " [7.5669873 7.75     ]\n",
      " [8.4330127 7.75     ]]\n",
      "y_i [4.01286916 4.05883927 4.00348047]\n",
      "K.. [[2.08376486e-08 8.91261661e-07 1.22008320e-08 1.14529082e-07]\n",
      " [8.91261661e-07 4.99311375e-05 6.46989046e-07 6.41338074e-06]\n",
      " [1.22008320e-08 6.46989046e-07 8.46974361e-09 8.31089970e-08]\n",
      " [1.14529082e-07 6.41338074e-06 8.31089970e-08 8.23764115e-07]]\n",
      "APA^T [[ 53.18436275 -17.15107165   7.12516319  -1.66890183]\n",
      " [-17.15107165  59.34345642  -1.66463563   7.7109327 ]\n",
      " [  7.12516319  -1.66463563   1.19452765  -0.1630586 ]\n",
      " [ -1.66890183   7.7109327   -0.1630586    1.25011834]]\n",
      "Q [[0.1 0.  0.  0. ]\n",
      " [0.  0.1 0.  0. ]\n",
      " [0.  0.  0.1 0. ]\n",
      " [0.  0.  0.  0.1]]\n",
      "P prior [[ 40.12856401 -13.98059279   5.93063555  -1.50584323]\n",
      " [-13.98059279  45.17170936  -1.50157703   6.46081436]\n",
      " [  5.93063555  -1.50157703   1.19452765  -0.1630586 ]\n",
      " [ -1.50584323   6.46081436  -0.1630586    1.25011834]]\n",
      "P post [[ 53.28436273 -17.15107254   7.12516318  -1.66890194]\n",
      " [-17.15107254  59.44340649  -1.66463628   7.71092629]\n",
      " [  7.12516318  -1.66463628   1.29452764  -0.16305868]\n",
      " [ -1.66890194   7.71092629  -0.16305868   1.35011752]]\n",
      "-------------------\n",
      "[0, 2, 1]\n",
      "ps_i [[8.        8.5      ]\n",
      " [7.5669873 7.75     ]\n",
      " [8.4330127 7.75     ]]\n",
      "y_i [3.95705921 4.0649815  4.03331637]\n",
      "K.. [[1.15582480e-07 2.23478731e-06 3.41810094e-08 2.63226999e-07]\n",
      " [2.23478731e-06 4.46252108e-05 6.73699505e-07 5.25557847e-06]\n",
      " [3.41810094e-08 6.73699505e-07 1.02242056e-08 7.93465601e-08]\n",
      " [2.63226999e-07 5.25557847e-06 7.93465601e-08 6.18957707e-07]]\n",
      "APA^T [[ 68.82921672 -20.64766944   8.41969082  -1.83196063]\n",
      " [-20.64766944  76.21537658  -1.82769496   9.0610438 ]\n",
      " [  8.41969082  -1.82769496   1.29452764  -0.16305868]\n",
      " [ -1.83196063   9.0610438   -0.16305868   1.35011752]]\n",
      "Q [[0.1 0.  0.  0. ]\n",
      " [0.  0.1 0.  0. ]\n",
      " [0.  0.  0.1 0. ]\n",
      " [0.  0.  0.  0.1]]\n",
      "P prior [[ 53.28436273 -17.15107254   7.12516318  -1.66890194]\n",
      " [-17.15107254  59.44340649  -1.66463628   7.71092629]\n",
      " [  7.12516318  -1.66463628   1.29452764  -0.16305868]\n",
      " [ -1.66890194   7.71092629  -0.16305868   1.35011752]]\n",
      "P post [[ 68.92921661 -20.64767168   8.41969078  -1.83196089]\n",
      " [-20.64767168  76.31533195  -1.82769563   9.06103855]\n",
      " [  8.41969078  -1.82769563   1.39452763  -0.16305876]\n",
      " [ -1.83196089   9.06103855  -0.16305876   1.4501169 ]]\n",
      "-------------------\n",
      "[0, 2, 1]\n",
      "ps_i [[8.        8.5      ]\n",
      " [7.5669873 7.75     ]\n",
      " [8.4330127 7.75     ]]\n",
      "y_i [4.20518703 4.06538002 4.14632176]\n",
      "K.. [[2.45117987e-07 3.13733328e-06 5.18649524e-08 3.41270576e-07]\n",
      " [3.13733328e-06 4.06220178e-05 6.67494702e-07 4.41847002e-06]\n",
      " [5.18649524e-08 6.67494702e-07 1.10029299e-08 7.26060396e-08]\n",
      " [3.41270576e-07 4.41847002e-06 7.26060396e-08 4.80598582e-07]]\n",
      "APA^T [[ 87.1631258  -24.47038696   9.81421841  -1.99501965]\n",
      " [-24.47038696  95.88752594  -1.9907544   10.51115545]\n",
      " [  9.81421841  -1.9907544    1.39452763  -0.16305876]\n",
      " [ -1.99501965  10.51115545  -0.16305876   1.4501169 ]]\n",
      "Q [[0.1 0.  0.  0. ]\n",
      " [0.  0.1 0.  0. ]\n",
      " [0.  0.  0.1 0. ]\n",
      " [0.  0.  0.  0.1]]\n",
      "P prior [[ 68.92921661 -20.64767168   8.41969078  -1.83196089]\n",
      " [-20.64767168  76.31533195  -1.82769563   9.06103855]\n",
      " [  8.41969078  -1.82769563   1.39452763  -0.16305876]\n",
      " [ -1.83196089   9.06103855  -0.16305876   1.4501169 ]]\n",
      "P post [[ 87.26312556 -24.4703901    9.81421836  -1.99501999]\n",
      " [-24.4703901   95.98748532  -1.99075506  10.51115103]\n",
      " [  9.81421836  -1.99075506   1.49452762  -0.16305884]\n",
      " [ -1.99501999  10.51115103  -0.16305884   1.55011642]]\n",
      "-------------------\n",
      "[0, 2, 1]\n",
      "ps_i [[8.        8.5      ]\n",
      " [7.5669873 7.75     ]\n",
      " [8.4330127 7.75     ]]\n",
      "y_i [3.86416642 3.97285698 3.94254169]\n",
      "K.. [[3.81183380e-07 3.77089285e-06 6.52461151e-08 3.81164833e-07]\n",
      " [3.77089285e-06 3.75222960e-05 6.46958725e-07 3.79263286e-06]\n",
      " [6.52461151e-08 6.46958725e-07 1.11783752e-08 6.53940623e-08]\n",
      " [3.81164833e-07 3.79263286e-06 6.53940623e-08 3.83347220e-07]]\n",
      "APA^T [[108.38608989 -28.61922399  11.30874598  -2.15807883]\n",
      " [-28.61922399 118.55990379  -2.1538139   12.06126744]\n",
      " [ 11.30874598  -2.1538139    1.49452762  -0.16305884]\n",
      " [ -2.15807883  12.06126744  -0.16305884   1.55011642]]\n",
      "Q [[0.1 0.  0.  0. ]\n",
      " [0.  0.1 0.  0. ]\n",
      " [0.  0.  0.1 0. ]\n",
      " [0.  0.  0.  0.1]]\n",
      "P prior [[ 87.26312556 -24.4703901    9.81421836  -1.99501999]\n",
      " [-24.4703901   95.98748532  -1.99075506  10.51115103]\n",
      " [  9.81421836  -1.99075506   1.49452762  -0.16305884]\n",
      " [ -1.99501999  10.51115103  -0.16305884   1.55011642]]\n",
      "P post [[108.48608951 -28.61922776  11.30874591  -2.15807921]\n",
      " [-28.61922776 118.65986627  -2.15381455  12.06126365]\n",
      " [ 11.30874591  -2.15381455   1.59452761  -0.1630589 ]\n",
      " [ -2.15807921  12.06126365  -0.1630589    1.65011603]]\n",
      "-------------------\n",
      "[0, 2, 1]\n",
      "ps_i [[8.        8.5      ]\n",
      " [7.5669873 7.75     ]\n",
      " [8.4330127 7.75     ]]\n",
      "y_i [4.05086427 4.01650819 3.86823185]\n",
      "K.. [[5.11513235e-07 4.22540043e-06 7.49355103e-08 3.98987939e-07]\n",
      " [4.22540043e-06 3.50265467e-05 6.19759172e-07 3.30732936e-06]\n",
      " [7.49355103e-08 6.19759172e-07 1.09824531e-08 5.85208721e-08]\n",
      " [3.98987939e-07 3.30732936e-06 5.85208721e-08 3.12289702e-07]]\n",
      "APA^T [[132.69810894 -33.09418042  12.90327352  -2.32113811]\n",
      " [-33.09418042 144.43250961  -2.31687345  13.71137968]\n",
      " [ 12.90327352  -2.31687345   1.59452761  -0.1630589 ]\n",
      " [ -2.32113811  13.71137968  -0.1630589    1.65011603]]\n",
      "Q [[0.1 0.  0.  0. ]\n",
      " [0.  0.1 0.  0. ]\n",
      " [0.  0.  0.1 0. ]\n",
      " [0.  0.  0.  0.1]]\n",
      "P prior [[108.48608951 -28.61922776  11.30874591  -2.15807921]\n",
      " [-28.61922776 118.65986627  -2.15381455  12.06126365]\n",
      " [ 11.30874591  -2.15381455   1.59452761  -0.1630589 ]\n",
      " [ -2.15807921  12.06126365  -0.1630589    1.65011603]]\n",
      "P post [[132.79810843 -33.09418465  12.90327344  -2.32113851]\n",
      " [-33.09418465 144.53247458  -2.31687407  13.71137638]\n",
      " [ 12.90327344  -2.31687407   1.69452759  -0.16305896]\n",
      " [ -2.32113851  13.71137638  -0.16305896   1.75011572]]\n",
      "-------------------\n",
      "[0, 2, 1]\n",
      "ps_i [[8.        8.5      ]\n",
      " [7.5669873 7.75     ]\n",
      " [8.4330127 7.75     ]]\n",
      "y_i [4.00536313 4.11923496 4.16029899]\n",
      "K.. [[6.32592142e-07 4.56362281e-06 8.18454291e-08 4.04397542e-07]\n",
      " [4.56362281e-06 3.29990747e-05 5.90864241e-07 2.92409851e-06]\n",
      " [8.18454291e-08 5.90864241e-07 1.05915347e-08 5.23580984e-08]\n",
      " [4.04397542e-07 2.92409851e-06 5.23580984e-08 2.59108887e-07]]\n",
      "APA^T [[ 1.60299183e+02 -3.78952562e+01  1.45978010e+01 -2.48419747e+00]\n",
      " [-3.78952562e+01  1.73705343e+02 -2.47993303e+00  1.54614921e+01]\n",
      " [ 1.45978010e+01 -2.47993303e+00  1.69452759e+00 -1.63058959e-01]\n",
      " [-2.48419747e+00  1.54614921e+01 -1.63058959e-01  1.75011572e+00]]\n",
      "Q [[0.1 0.  0.  0. ]\n",
      " [0.  0.1 0.  0. ]\n",
      " [0.  0.  0.1 0. ]\n",
      " [0.  0.  0.  0.1]]\n",
      "P prior [[132.79810843 -33.09418465  12.90327344  -2.32113851]\n",
      " [-33.09418465 144.53247458  -2.31687407  13.71137638]\n",
      " [ 12.90327344  -2.31687407   1.69452759  -0.16305896]\n",
      " [ -2.32113851  13.71137638  -0.16305896   1.75011572]]\n",
      "P post [[ 1.60399182e+02 -3.78952607e+01  1.45978010e+01 -2.48419787e+00]\n",
      " [-3.78952607e+01  1.73805310e+02 -2.47993362e+00  1.54614892e+01]\n",
      " [ 1.45978010e+01 -2.47993362e+00  1.79452758e+00 -1.63059011e-01]\n",
      " [-2.48419787e+00  1.54614892e+01 -1.63059011e-01  1.85011546e+00]]\n",
      "-------------------\n",
      "[0, 2, 1]\n",
      "ps_i [[8.        8.5      ]\n",
      " [7.5669873 7.75     ]\n",
      " [8.4330127 7.75     ]]\n",
      "y_i [4.06875533 4.24522146 4.04236331]\n",
      "K.. [[7.43633811e-07 4.82281207e-06 8.66795742e-08 4.02659105e-07]\n",
      " [4.82281207e-06 3.13295721e-05 5.62411058e-07 2.61568359e-06]\n",
      " [8.66795742e-08 5.62411058e-07 1.01048112e-08 4.69558023e-08]\n",
      " [4.02659105e-07 2.61568359e-06 4.69558023e-08 2.18381584e-07]]\n",
      "APA^T [[ 1.91389312e+02 -4.30224512e+01  1.63923285e+01 -2.64725689e+00]\n",
      " [-4.30224512e+01  2.06578404e+02 -2.64299263e+00  1.73116046e+01]\n",
      " [ 1.63923285e+01 -2.64299263e+00  1.79452758e+00 -1.63059011e-01]\n",
      " [-2.64725689e+00  1.73116046e+01 -1.63059011e-01  1.85011546e+00]]\n",
      "Q [[0.1 0.  0.  0. ]\n",
      " [0.  0.1 0.  0. ]\n",
      " [0.  0.  0.1 0. ]\n",
      " [0.  0.  0.  0.1]]\n",
      "P prior [[ 1.60399182e+02 -3.78952607e+01  1.45978010e+01 -2.48419787e+00]\n",
      " [-3.78952607e+01  1.73805310e+02 -2.47993362e+00  1.54614892e+01]\n",
      " [ 1.45978010e+01 -2.47993362e+00  1.79452758e+00 -1.63059011e-01]\n",
      " [-2.48419787e+00  1.54614892e+01 -1.63059011e-01  1.85011546e+00]]\n",
      "P post [[ 1.91489311e+02 -4.30224561e+01  1.63923285e+01 -2.64725729e+00]\n",
      " [-4.30224561e+01  2.06678373e+02 -2.64299319e+00  1.73116020e+01]\n",
      " [ 1.63923285e+01 -2.64299319e+00  1.89452757e+00 -1.63059058e-01]\n",
      " [-2.64725729e+00  1.73116020e+01 -1.63059058e-01  1.95011524e+00]]\n",
      "-------------------\n",
      "[0, 2, 1]\n",
      "ps_i [[8.        8.5      ]\n",
      " [7.5669873 7.75     ]\n",
      " [8.4330127 7.75     ]]\n",
      "y_i [3.9910872  3.94088203 4.15922003]\n",
      "K.. [[8.44683601e-07 5.02490821e-06 8.99347931e-08 3.96668347e-07]\n",
      " [5.02490821e-06 2.99290054e-05 5.35173340e-07 2.36258088e-06]\n",
      " [8.99347931e-08 5.35173340e-07 9.57623082e-09 4.22466842e-08]\n",
      " [3.96668347e-07 2.36258088e-06 4.22466842e-08 1.86500986e-07]]\n",
      "APA^T [[ 2.26168495e+02 -4.84757656e+01  1.82868560e+01 -2.81031635e+00]\n",
      " [-4.84757656e+01  2.43251692e+02 -2.80605225e+00  1.92617173e+01]\n",
      " [ 1.82868560e+01 -2.80605225e+00  1.89452757e+00 -1.63059058e-01]\n",
      " [-2.81031635e+00  1.92617173e+01 -1.63059058e-01  1.95011524e+00]]\n",
      "Q [[0.1 0.  0.  0. ]\n",
      " [0.  0.1 0.  0. ]\n",
      " [0.  0.  0.1 0. ]\n",
      " [0.  0.  0.  0.1]]\n",
      "P prior [[ 1.91489311e+02 -4.30224561e+01  1.63923285e+01 -2.64725729e+00]\n",
      " [-4.30224561e+01  2.06678373e+02 -2.64299319e+00  1.73116020e+01]\n",
      " [ 1.63923285e+01 -2.64299319e+00  1.89452757e+00 -1.63059058e-01]\n",
      " [-2.64725729e+00  1.73116020e+01 -1.63059058e-01  1.95011524e+00]]\n",
      "P post [[ 2.26268495e+02 -4.84757706e+01  1.82868559e+01 -2.81031674e+00]\n",
      " [-4.84757706e+01  2.43351662e+02 -2.80605278e+00  1.92617149e+01]\n",
      " [ 1.82868559e+01 -2.80605278e+00  1.99452756e+00 -1.63059101e-01]\n",
      " [-2.81031674e+00  1.92617149e+01 -1.63059101e-01  2.05011506e+00]]\n",
      "-------------------\n",
      "[0, 2, 1]\n",
      "ps_i [[8.        8.5      ]\n",
      " [7.5669873 7.75     ]\n",
      " [8.4330127 7.75     ]]\n",
      "y_i [3.86044348 3.93406258 4.118764  ]\n",
      "K.. [[9.36182800e-07 5.18398053e-06 9.19771638e-08 3.88129011e-07]\n",
      " [5.18398053e-06 2.87325876e-05 5.09420972e-07 2.15121336e-06]\n",
      " [9.19771638e-08 5.09420972e-07 9.03693236e-09 3.81406986e-08]\n",
      " [3.88129011e-07 2.15121336e-06 3.81406986e-08 1.61061698e-07]]\n",
      "APA^T [[ 2.64836734e+02 -5.42551993e+01  2.02813835e+01 -2.97337584e+00]\n",
      " [-5.42551993e+01  2.83925207e+02 -2.96911188e+00  2.13118300e+01]\n",
      " [ 2.02813835e+01 -2.96911188e+00  1.99452756e+00 -1.63059101e-01]\n",
      " [-2.97337584e+00  2.13118300e+01 -1.63059101e-01  2.05011506e+00]]\n",
      "Q [[0.1 0.  0.  0. ]\n",
      " [0.  0.1 0.  0. ]\n",
      " [0.  0.  0.1 0. ]\n",
      " [0.  0.  0.  0.1]]\n",
      "P prior [[ 2.26268495e+02 -4.84757706e+01  1.82868559e+01 -2.81031674e+00]\n",
      " [-4.84757706e+01  2.43351662e+02 -2.80605278e+00  1.92617149e+01]\n",
      " [ 1.82868559e+01 -2.80605278e+00  1.99452756e+00 -1.63059101e-01]\n",
      " [-2.81031674e+00  1.92617149e+01 -1.63059101e-01  2.05011506e+00]]\n",
      "P post [[ 2.64936733e+02 -5.42552044e+01  2.02813834e+01 -2.97337623e+00]\n",
      " [-5.42552044e+01  2.84025178e+02 -2.96911239e+00  2.13118278e+01]\n",
      " [ 2.02813834e+01 -2.96911239e+00  2.09452756e+00 -1.63059139e-01]\n",
      " [-2.97337623e+00  2.13118278e+01 -1.63059139e-01  2.15011490e+00]]\n",
      "-------------------\n",
      "[0, 2, 1]\n",
